<svg width="48" height="48" viewBox="0 0 48 48" fill="none" xmlns="http://www.w3.org/2000/svg">
<circle cx="24" cy="24" r="24" fill="#FF3F41" fill-opacity="0.35"/>
<g clip-path="url(#clip0_2335_215)">
<path d="M26.7431 30.293C26.5583 32.0597 25.3145 33.4202 23.6442 33.6835C21.7106 33.9892 19.8754 32.8337 19.3864 31.0056C18.8726 29.0834 19.861 27.1603 21.7578 26.4844C22.1988 26.3272 22.302 26.1198 22.2956 25.6769C22.2732 24.1249 22.2956 22.5721 22.3213 21.02C22.3285 20.5612 22.6142 20.2843 22.9935 20.2748C23.3793 20.2652 23.6802 20.5612 23.7363 21.0137C23.7523 21.1453 23.7507 21.2794 23.7507 21.4118C23.7523 22.1156 23.7515 22.8202 23.7515 23.524H23.7531C23.7531 24.2677 23.7675 25.0122 23.7475 25.7559C23.7371 26.1421 23.8651 26.3408 24.2517 26.4796C25.886 27.0685 26.9128 28.6716 26.7431 30.293Z" fill="#FF3F41"/>
<path d="M26.4241 25.1159C26.1136 24.8996 25.9903 24.6642 25.9943 24.2948C26.0087 22.7675 25.9999 21.2394 25.9999 19.7121H25.9983C25.9983 18.1849 26.0071 16.6568 25.9959 15.1295C25.9879 14.0698 25.5958 13.1785 24.7066 12.5633C23.7366 11.893 22.6881 11.8196 21.6405 12.3494C20.5952 12.8777 20.0126 13.753 20.007 14.938C19.9926 18.0333 19.9998 21.1277 20.0054 24.223C20.0062 24.5477 19.9389 24.7911 19.646 25.001C17.686 26.4046 16.7936 28.3093 17.0401 30.7143C17.3843 34.0705 20.6873 36.5186 24.0239 35.905C26.4481 35.4589 28.3529 33.6603 28.8708 31.3287C29.4046 28.9301 28.4738 26.541 26.4241 25.1159ZM27.4782 30.5882C27.17 32.5759 25.671 34.1264 23.7718 34.4232C21.5276 34.7735 19.4251 33.5263 18.7256 31.4293C18.0109 29.2852 18.9377 26.9998 20.9786 25.9561C21.3732 25.7542 21.4868 25.5141 21.4804 25.0832C21.4564 23.2383 21.4748 21.3934 21.4772 19.5486C21.4788 18.1019 21.4764 16.6552 21.4804 15.2085C21.4836 14.1672 22.1327 13.4937 23.0875 13.5328C23.7574 13.5607 24.3096 14.0052 24.4793 14.6523C24.5441 14.8989 24.5537 15.1503 24.5537 15.4032C24.5529 17.0111 24.5529 18.619 24.5537 20.2268C24.5537 21.8874 24.5625 23.5487 24.5473 25.2092C24.5433 25.6066 24.673 25.8292 25.0459 26.0056C26.7499 26.8099 27.7631 28.7497 27.4782 30.5882Z" fill="#FF3F41"/>
<path d="M27.5371 15.0394C27.5331 14.6237 27.8325 14.2782 28.2927 14.267C29.2915 14.2438 30.2911 14.2446 31.29 14.267C31.7301 14.2766 32.0039 14.6093 31.9991 15.0266C31.9951 15.4216 31.7229 15.7256 31.2932 15.7472C30.7753 15.7727 30.2543 15.7528 29.7349 15.7528V15.7592C29.2683 15.7592 28.8017 15.7695 28.3359 15.756C27.8557 15.7424 27.5412 15.448 27.5371 15.0394Z" fill="#FF3F41"/>
<path d="M27.5366 18.0014C27.5398 17.5944 27.8544 17.2832 28.3226 17.2777C29.2806 17.2649 30.2386 17.2641 31.1958 17.2792C31.6952 17.2872 32.0065 17.5992 31.9993 18.0285C31.9921 18.4626 31.72 18.7068 31.2006 18.7188C30.722 18.7299 30.2426 18.7211 29.764 18.7211C29.2854 18.7203 28.806 18.7299 28.3274 18.718C27.852 18.7052 27.5342 18.4068 27.5366 18.0014Z" fill="#FF3F41"/>
<path d="M27.5367 21.0232C27.5311 20.5868 27.8624 20.25 28.369 20.2412C29.2998 20.2237 30.2306 20.2237 31.1614 20.242C31.6833 20.2524 32.0018 20.5708 31.9994 21.0121C31.997 21.4549 31.6809 21.7286 31.1342 21.7398C30.682 21.7494 30.2298 21.7422 29.7776 21.7422V21.739C29.3118 21.739 28.8469 21.7494 28.3819 21.7366C27.864 21.7214 27.5423 21.439 27.5367 21.0232Z" fill="#FF3F41"/>
<path d="M32.0001 24.002C31.9977 24.405 31.7616 24.6667 31.3318 24.6906C30.934 24.7122 30.5347 24.6946 30.1361 24.6946V24.697C29.7639 24.697 29.391 24.7114 29.0196 24.693C28.5698 24.6707 28.2913 24.3962 28.2881 24.0108C28.2849 23.5982 28.5674 23.2767 29.006 23.2655C29.7767 23.2455 30.5483 23.2455 31.319 23.2663C31.728 23.2775 32.0017 23.6038 32.0001 24.002Z" fill="#FF3F41"/>
<path d="M26.7431 30.293C26.5583 32.0597 25.3145 33.4202 23.6442 33.6835C21.7106 33.9892 19.8754 32.8337 19.3864 31.0056C18.8726 29.0834 19.861 27.1603 21.7578 26.4844C22.1988 26.3272 22.302 26.1198 22.2956 25.6769C22.2732 24.1249 22.2956 22.5721 22.3213 21.02C22.3285 20.5612 22.6142 20.2843 22.9935 20.2748C23.3793 20.2652 23.6802 20.5612 23.7363 21.0137C23.7523 21.1453 23.7507 21.2794 23.7507 21.4118C23.7523 22.1156 23.7515 22.8202 23.7515 23.524H23.7531C23.7531 24.2677 23.7675 25.0122 23.7475 25.7559C23.7371 26.1421 23.8651 26.3408 24.2517 26.4796C25.886 27.0685 26.9128 28.6716 26.7431 30.293Z" fill="#FF3F41"/>
<path d="M26.4241 25.1159C26.1136 24.8996 25.9903 24.6642 25.9943 24.2948C26.0087 22.7675 25.9999 21.2394 25.9999 19.7121H25.9983C25.9983 18.1849 26.0071 16.6568 25.9959 15.1295C25.9879 14.0698 25.5958 13.1785 24.7066 12.5633C23.7366 11.893 22.6881 11.8196 21.6405 12.3494C20.5952 12.8777 20.0126 13.753 20.007 14.938C19.9926 18.0333 19.9998 21.1277 20.0054 24.223C20.0062 24.5477 19.9389 24.7911 19.646 25.001C17.686 26.4046 16.7936 28.3093 17.0401 30.7143C17.3843 34.0705 20.6873 36.5186 24.0239 35.905C26.4481 35.4589 28.3529 33.6603 28.8708 31.3287C29.4046 28.9301 28.4738 26.541 26.4241 25.1159ZM27.4782 30.5882C27.17 32.5759 25.671 34.1264 23.7718 34.4232C21.5276 34.7735 19.4251 33.5263 18.7256 31.4293C18.0109 29.2852 18.9377 26.9998 20.9786 25.9561C21.3732 25.7542 21.4868 25.5141 21.4804 25.0832C21.4564 23.2383 21.4748 21.3934 21.4772 19.5486C21.4788 18.1019 21.4764 16.6552 21.4804 15.2085C21.4836 14.1672 22.1327 13.4937 23.0875 13.5328C23.7574 13.5607 24.3096 14.0052 24.4793 14.6523C24.5441 14.8989 24.5537 15.1503 24.5537 15.4032C24.5529 17.0111 24.5529 18.619 24.5537 20.2268C24.5537 21.8874 24.5625 23.5487 24.5473 25.2092C24.5433 25.6066 24.673 25.8292 25.0459 26.0056C26.7499 26.8099 27.7631 28.7497 27.4782 30.5882Z" fill="#FF3F41"/>
<path d="M31.9991 15.0266C31.9951 15.4216 31.7229 15.7256 31.2932 15.7472C30.7753 15.7727 30.2543 15.7528 29.7349 15.7528V15.7592C29.2683 15.7592 28.8017 15.7695 28.3359 15.756C27.8557 15.7424 27.5412 15.448 27.5371 15.0394C27.5331 14.6237 27.8325 14.2782 28.2927 14.267C29.2915 14.2438 30.2911 14.2446 31.29 14.267C31.7301 14.2766 32.0039 14.6093 31.9991 15.0266Z" fill="#FF3F41"/>
<path d="M31.9994 21.0121C31.997 21.4549 31.6809 21.7286 31.1342 21.7398C30.682 21.7494 30.2298 21.7422 29.7776 21.7422V21.739C29.3118 21.739 28.8469 21.7494 28.3819 21.7366C27.864 21.7214 27.5423 21.439 27.5367 21.0232C27.5311 20.5868 27.8624 20.25 28.369 20.2412C29.2998 20.2237 30.2306 20.2237 31.1614 20.242C31.6833 20.2524 32.0018 20.5708 31.9994 21.0121Z" fill="#FF3F41"/>
<path d="M31.9993 18.0285C31.9921 18.4626 31.72 18.7068 31.2006 18.7188C30.722 18.7299 30.2426 18.7211 29.764 18.7211C29.2854 18.7203 28.806 18.7299 28.3274 18.718C27.852 18.7052 27.5342 18.4068 27.5366 18.0014C27.5398 17.5944 27.8544 17.2832 28.3226 17.2777C29.2806 17.2649 30.2386 17.2641 31.1958 17.2792C31.6952 17.2872 32.0065 17.5992 31.9993 18.0285Z" fill="#FF3F41"/>
<path d="M32.0001 24.002C31.9977 24.405 31.7616 24.6667 31.3318 24.6906C30.934 24.7122 30.5347 24.6946 30.1361 24.6946V24.697C29.7639 24.697 29.391 24.7114 29.0196 24.693C28.5698 24.6707 28.2913 24.3962 28.2881 24.0108C28.2849 23.5982 28.5674 23.2767 29.006 23.2655C29.7767 23.2455 30.5483 23.2455 31.319 23.2663C31.728 23.2775 32.0017 23.6038 32.0001 24.002Z" fill="#FF3F41"/>
<path d="M26.7431 30.293C26.5583 32.0597 25.3145 33.4202 23.6442 33.6835C21.7106 33.9892 19.8754 32.8337 19.3864 31.0056C18.8726 29.0834 19.861 27.1603 21.7578 26.4844C22.1988 26.3272 22.302 26.1198 22.2956 25.6769C22.2732 24.1249 22.2956 22.5721 22.3213 21.02C22.3285 20.5612 22.6142 20.2843 22.9935 20.2748C23.3793 20.2652 23.6802 20.5612 23.7363 21.0137C23.7523 21.1453 23.7507 21.2794 23.7507 21.4118C23.7523 22.1156 23.7515 22.8202 23.7515 23.524H23.7531C23.7531 24.2677 23.7675 25.0122 23.7475 25.7559C23.7371 26.1421 23.8651 26.3408 24.2517 26.4796C25.886 27.0685 26.9128 28.6716 26.7431 30.293Z" fill="#FF3F41"/>
<path d="M26.7431 30.293C26.5583 32.0597 25.3145 33.4202 23.6442 33.6835C21.7106 33.9892 19.8754 32.8337 19.3864 31.0056C18.8726 29.0834 19.861 27.1603 21.7578 26.4844C22.1988 26.3272 22.302 26.1198 22.2956 25.6769C22.2732 24.1249 22.2956 22.5721 22.3213 21.02C22.3285 20.5612 22.6142 20.2843 22.9935 20.2748C23.3793 20.2652 23.6802 20.5612 23.7363 21.0137C23.7523 21.1453 23.7507 21.2794 23.7507 21.4118C23.7523 22.1156 23.7515 22.8202 23.7515 23.524H23.7531C23.7531 24.2677 23.7675 25.0122 23.7475 25.7559C23.7371 26.1421 23.8651 26.3408 24.2517 26.4796C25.886 27.0685 26.9128 28.6716 26.7431 30.293Z" fill="#FF3F41"/>
</g>
<defs>
<clipPath id="clip0_2335_215">
<rect width="15" height="24" fill="white" transform="translate(17 12)"/>
</clipPath>
</defs>
</svg>
